removed: false
edits:
- 'colors.level_4: (0.6724719, 0.2783019, 1, 1)'
- 'colors.level_5: (0.7564611, 0.2547272, 0.2490196, 1)'
- 'colors.level_6: (1, 0.6686275, 0.1490196, 1)'
- 'colors.rating_4_highlight: (0.7368131, 0.5930188, 1, 1)'
- 'colors.rating_5_highlight: (1, 0.3106774, 0.2592453, 1)'
- 'colors.rating_6_highlight: (1, 0.8106774, 0.4292453, 1)'
- 'colors.rating_4_fill: (0.5680142, 0.4571324, 0.7607547, 1)'
- 'colors.rating_5_fill: (0.7245283, 0.3253521, 0.3162442, 1)'
- 'colors.rating_6_fill: (0.8945283, 0.7053521, 0.2562442, 1)'
- 'colors.loadout_r4_v0: (0.7607274, 0.3382855, 0.8612736, 1)'
- 'colors.loadout_r4_v1: (0.8105159, 0.6019647, 0.8352933, 1)'
- 'colors.loadout_r4_v2: (0.3529456, 0.2078434, 0.3372583, 1)'
- 'colors.loadout_r5_v0: (0.8907274, 0.2382855, 0.2162442, 1)'
- 'colors.loadout_r5_v1: (0.9507274, 0.4582855, 0.4362442, 1)'
- 'colors.loadout_r5_v2: (0.4507274, 0.2482855, 0.2362442, 1)'